8713206
12226786
462292
1451352
14210523
8414118
10187082
5548784
14812631
13301038
2504175
23100405
23509696
1532364
1643317
19000970
1714160
3955647
1207300
715524
237159
991475
2541284
9603889
557980
597879
1276752
3880513
220163
8780895
734934
1661758
1206546
7363211
747698
5625
11205780
2540368
1272424
1474943
7166430
33925906
506402
18193978
11855195
13584262
26820798
32198196
32197913
33351424
2255947
30329296
24593360
7855340
45360221
10114077
5569059
11572519
21611555
19789032
8862593
20461647
9686495
46641250
15920530
49596056
40677834
13905184
25381487
2609642
1701968
5558246
20312497
39222730
97616950
9118893
10932532
540542
6511544
478584
35312458
8685986
15353515
39920057
102443810
132704094
35159920
259692009
77452964
65233633
255940939
17116619
10999165
9037631
74367471
8936633
1223029
2163263
20306754
1490034
21125024
13034860
99822164
4696595
3604157
2491877
22011872
2030956
18351848
50586840
103633984
162494199
2442469
560495
3214406
2436267
1507818
958314
70107786
9795883
25528021
121204738
5351666
3790005
2994517
3180884
166045424
2791470
33293613
19428677
602604
3056094
3750921
37205440
1607357
43980160
127546642
194513266
8100370
42185437
13945143
3678731
19463075
893522
8594752
805461
36116052
72152993
11551538
52180131
6377918
16231859
84880847
10045915
17575316
23405998
20495349
10855300
15062869
9852918
99401299
40772809
32247847
21043164
80945428
2791348
1403994
667171
48332249
31936600
1357199
24560307
16623069
4090287
50224698
38612733
21069494
22355214
47475908
55723051
17945902
48394154
22794601
24239833
201118750
5400018
790359
28671602
10195075
43441403
40806530
24746012
391150
7632747
10353211
35640229
5932749
8224923
23515024
80317682
86057635
8507859
128193054
5187096
6135596
21306213
5283193
32307472
112248999
2876698
90796663
24268127
10930707
29253253
69495170
21124822
5830987
18444852
12325544
18242629
6988020
23088740
51375640
54360307
47118129
128907699
14105478
41367145
3655872
48387914
24034567
25121561
11167738
7530048
94911145
5923215
36533263
172099953
37787433
39059221
29253090
6853358
34262857
128096799
11061773
139448014
18469325
46072466
29094380
19852124
41585934
7137656
1527521
1569980
1541957
60807171
22611803
34021217
1383170
7612484
14468669
13003323
43486047
7739877
78452015
74260508
71995937
15259244
162463844
364474335
52773157
25255619
16414857
53072654
124957167
1800451
4676086
133092972
106424275
201104057
97627474
166806384
280279657
52283973
51840802
10851820
57965762
271918885
71526722
94061307
2296970
8294053
111756715
23605815
116414510
20964133
96540810
45659211
117152902
221981891
52221518
26115910
1186030
1012745
192925833
99278592
15340089
116837483
29228740
21578497
90549609
112016784
12028961
15886008
43512914
9996255
173827642
65580344
158882433
59401737
10178287
31499710
40053602
312919660
90669846
21078071
28951059
61670221
71446428
19631679
16068975
21772838
10435502
16671126
2304658
17256590
21672939
83757804
79723839
16022488
75539227
18492045
28185718
15107725
23266209
16747886
112392972
40721875
67688850
140996605
82289483
4197885
13404018
104379939
49420805
31768514
19105307
28703418
34092783
10883930
51867771
22483459
75538424
22701918
12664873
53832745
17827449
23614403
67813157
8961528
21473390
51131322
21673868
22782106
93163868
124269570
65134909
21918925
186057844
27365380
29094022
28820281
32752005
23085406
42352955
49801570
14847357
21169121
22393506
21312138
132634471
40804661
73671133
86448162
97963976
105227249
158532343
132330004
36624476
35418761
35418579
22479740
60906885
41171625
5371784
115804484
90802768
2743221
21743200
21536544
41052391
59880072
29108449
16812547
15069510
44264225
111328662
51820747
70642405
96329711
16691428
24248419
22156258
51658450
60295546
53652842
5768798
226000794
27790087
25607516
25116836
13152531
70803356
44207099
53139183
97738515
8153804
183410611
44155866
41723004
47933131
41784492
25032615
40675559
41724281
57211422
36533044
83271262
53200211
18737287
18857427
38576623
23512396
41783992
49517380
49517242
33789762
20576837
14375190
48434385
58947260
88389416
43668735
71482980
51668141
40317558
110192374
99889372
24132557
20158193
109383955
25167910
63409427
74818815
38136996
38136881
50471040
49154184
59306435
76011034
419644992
