1607357
13301038
35640229
3056094
8224923
5625
8414118
220163
70867540
3880513
557980
243546335
43903882
237159
1207300
462292
8295205
1276752
1451352
12226786
1532364
2504175
10187082
8713206
103955573
14812631
1643317
19000970
23509696
23100405
7833168
39791871
9852918
49533308
34262857
23338716
31810895
72343657
343078060
46560339
597879
2541284
715524
1661758
26742634
8780895
9603889
31052073
1714160
3955647
734934
747698
11205780
7363211
1272424
38366638
1474943
2540368
33925906
40214070
44416666
506402
24530655
7166430
23404839
391150
11061773
3228505
28061676
13584262
3604157
30337170
602604
5187096
1383170
32958241
13905184
38679620
49596056
32198196
8862593
35810174
21737266
26820798
5569059
11572519
25381487
44218803
33098622
10114077
45431898
44591594
2609642
44099607
20461647
34605683
32197913
35256589
24593360
26951178
45360221
12601374
32754312
30329296
42574339
33077561
2255947
33351424
42685034
39509091
41718185
37191958
9686495
7855340
15920530
11855195
36040894
46641250
38460192
18193978
123732482
41523595
8507859
30367587
30384844
71995937
19872456
43695474
38307428
19189072
32215970
19245530
23088740
32787174
35312458
10932532
5558246
15246993
540542
39222730
6511544
9118893
20312497
8685986
478584
65305851
1701968
94367677
190690177
132474914
112321084
100559691
105412971
178385219
491235501
259692009
208362715
102443810
233159045
35159920
17116619
172351720
85095608
245704608
77452964
180418592
99589191
165449809
161470791
159836619
229697534
264838215
29028775
264673536
257727007
49751298
129283183
132704094
239170384
115720575
443840726
245673761
245254578
294893525
86200109
123142926
65233633
15353515
42370929
75196241
97163387
167499594
42455934
273513411
164329087
262098081
163508735
39546089
144657615
105411913
107857950
3214406
41043749
11730342
145464445
65568646
85284135
92712882
2573058
57168287
2491877
104759650
4188772
115210754
97322780
23141830
40345658
51452356
40137508
40213252
35685034
16671126
88395009
38565895
39149031
34629135
45282726
88124214
12601393
22355214
38342221
47878060
18857427
40667593
56352157
58011499
41187219
32948863
43060239
56373404
10270250
15259244
89012427
274495425
45942274
6853358
1223029
8812799
19428677
3678731
9795883
9996255
8936633
5932749
5830987
15115183
4696595
38588153
32247847
71446428
60807171
11551538
81787426
15062869
42185437
48387914
4576305
24239833
7137656
18351848
49235921
2163263
53731544
146876013
89562316
105528893
50586840
242754476
88717215
162494199
86091609
17486281
60492769
106324986
54173593
92395844
22011872
67274736
36353527
19117456
124299790
88367740
73330692
188391577
9037631
58210518
143295925
2030956
146386019
40642494
58734906
89751984
61412022
65411043
1490034
98315735
95573967
5972219
133851398
72378378
10999165
132557262
72683282
20306754
78098200
128237146
71939872
321740547
128018159
90115371
59243976
119006816
271828590
90379876
103633984
99822164
41706878
118230746
98789146
111245305
37246537
70777180
127936674
113158574
48325456
150027583
36730484
92732386
13034860
122874170
44111975
142598531
71293321
59700207
59098337
19852124
27480700
46273445
365263843
25528021
38558578
70107786
79723839
70620807
76485480
134804788
11667865
6121126
42188335
21779020
69495170
1507818
560495
2436267
2442469
102784450
41959825
6498492
79487641
958314
121204738
21141243
71487058
20636942
36535156
169718534
76657644
34519309
10851820
20929025
69712146
21457951
22483459
51867771
9060347
13142126
3180884
28538501
2994517
3790005
5351666
27193779
10875626
282364168
4814354
89729942
92112844
2791470
45319761
29031987
166045424
1403994
1800451
21737465
12213730
3750921
2304658
40508605
25131304
37205440
508894
49640289
194523292
55723051
162815665
61893399
82074611
8100370
17963140
127546642
43980160
34752974
52541340
73701576
194513266
106809903
119009165
236229055
86802970
30902026
77424415
50521757
50907072
125596027
75425073
8594752
32605857
13945143
62367558
893522
19463075
57070925
37627792
18840003
97698189
36749153
31764022
39013909
17811771
60537144
25670446
48626335
49648180
70153011
48531033
269690482
92657585
127283648
35356641
88184556
261705469
91468246
150362843
72311680
100346588
34452619
59068585
36116052
123736899
100715803
72152993
48921934
51622074
270352062
69088184
34452195
129187487
91539003
134598900
66855798
79750220
667171
59401737
1186030
30652354
15645447
26704639
790359
52113921
1527521
16231859
84880847
56515832
6377918
52180131
80806976
123197392
116052359
2743221
43512506
126347767
38034368
73579268
34586916
86756976
10045915
5371784
7612484
62260083
12761192
4676086
1357199
7739877
11167738
43441403
12895517
26149893
91681821
55218353
217751817
75735736
62500776
9507628
75092644
84959433
220743488
75907199
169290461
69168304
131516741
90008498
114928551
74694970
126184549
103508922
173827642
215322499
186057844
83591638
216243012
47118129
54435333
61990007
153616332
153246329
74260508
53072654
6988020
113777433
99401299
31795422
43899983
17135280
33366494
82289483
34680602
42720310
40622268
24560307
198009735
52283973
78452015
33789762
140996605
7632747
5923215
111979372
128193054
257041046
52071471
54360307
34021217
51954402
50224698
21069494
38612733
17945902
49973176
4090287
40938234
47475908
50151075
8883822
221981891
19304846
62104779
22794601
3674459
48394154
54614463
36029706
78905501
101765711
113411329
109895452
111217366
102035444
98172612
334176717
28671602
119620143
99098761
54734381
84319957
68540295
116960924
88658256
57243275
65889120
177071285
62558686
122467645
48396450
44568579
60439154
108748112
132629580
68451869
93592438
70338416
126892976
97844692
91723897
86714667
82123908
67481022
82801128
135331570
49362717
67962648
90286999
83702103
81411844
10195075
115809647
76814575
70107411
120625203
100361775
84669547
110005259
56075989
55913375
28550902
79069097
75578285
107168226
104373067
107909361
31936600
18308864
43790903
40806530
24746012
59213581
49958070
10353211
49520328
53622990
59114705
40511756
8328202
44138456
40013435
63537249
70687936
48305706
97327825
77713683
62710418
67319583
61364083
70318490
89006938
87927675
53134541
36094164
56788834
101593337
42352955
76919786
35597922
63648533
10435502
32664076
124257233
104133653
15242752
24679262
17966455
23683454
42784096
130656750
73291252
22968365
124269570
60691936
51375640
42033086
80317682
23515024
329028312
143078055
227978903
274944042
6135596
10855300
38934449
36943082
5283193
21306213
49016322
16414857
53832745
41199577
66712801
45360814
41585934
38539559
3655872
24034567
34835080
84476389
57164561
27653361
38579767
24973735
94911145
36226917
52304362
32507275
165670309
90796663
36633489
26101295
38290898
47495360
47977171
46072466
21124822
37743219
7530048
35299242
18444852
58948916
14105478
128907699
327628682
154051159
36533263
44453199
70210509
10930707
18469325
32307472
37787433
112248999
47292486
40008106
59649430
94892428
40642004
128096799
89225374
12325544
29094380
38903992
29531928
172099953
24268127
36078769
158087130
46404395
25121561
2876698
85296224
1569980
22611803
1541957
80016159
43559489
19105307
15783148
13003323
19896256
31598574
43486047
80455431
76790473
78194012
106327778
78943871
84742532
52266845
99743144
73803666
82948342
152200216
91910913
62821784
89963070
79678073
73967441
83967466
89644558
15116946
104361382
83205876
87439989
74874368
55428169
78718184
70497892
64202317
227475713
43512914
53200211
128066921
86848636
90276836
106524960
78948861
70233312
76760815
101977153
255535907
58115472
124470321
83543333
280813836
30165704
41881900
279590582
207645083
158504684
116837483
23266209
99761907
11616000
16246629
227654041
162463844
37609745
52773157
18783215
364474335
128744971
117152902
199345967
97627474
70974139
121494170
15886008
101884179
92876031
76666208
23085406
89659676
230353730
158882433
13404018
84318409
103071620
88292809
16068975
73905593
38968932
34562465
124957167
221807330
23452965
156968527
66208923
45659211
105227249
65134909
150817942
63109541
195558780
55836470
58462216
40053602
67813157
34092783
48552433
40772809
61603008
59647030
145422226
16022488
21918925
60405378
132634471
40804661
1012745
63396077
72979287
91565152
48332249
16812547
119609583
28951059
44207099
23614403
24132557
44455683
146468829
56356468
94061307
86057635
30476886
140891108
133092972
172521926
71482980
98375351
107422373
111328662
92142747
56899284
266461019
159876616
349164988
22393506
56087776
22782106
246158784
4197885
22712635
108792746
25255619
52711971
77722971
23593647
89514854
95572470
112016784
43266051
102623247
57211422
16747886
2296970
75538424
23605815
17827449
65848095
131533028
71526722
261279710
57965762
63537564
180328715
22848975
280279657
271918885
17302012
93915817
100404818
55904598
284307975
20495349
96451164
86950957
28703418
37953959
52221518
97334728
192925833
26115910
52715121
66722564
52085447
24278976
46180504
17005330
281920861
33887253
86840811
118732469
307126625
45373657
167535216
24195339
70642405
132330004
135268839
238514517
60906885
43964563
45307461
61670221
44948282
66561810
48126484
1198539
29108449
34658606
241567412
36624476
29228740
99278592
219276883
106380954
15340089
69590701
224295067
231309416
35015575
112536905
121910256
72602759
85286086
135372245
107621517
63226588
135390590
36310978
245330608
295834617
189497575
56363563
90549609
21578497
144311339
118626461
116274692
32215253
21088356
55075078
111756715
15107725
59652928
32222363
279345933
59423305
50390586
69530328
147386981
171170162
19382828
130965341
104781949
163888776
42327909
185058464
135614069
3721224
44812159
20964133
141324769
109272361
171999885
166806384
87180009
65580344
139347555
166779907
10178287
37212254
41783992
86777943
25914871
25116836
20489533
8961528
19663683
80741549
31499710
60322697
28566095
117923759
92109790
89053626
225157643
252901763
255932763
21078071
116414510
71109869
74707723
60117259
63965783
138085250
52315420
90312643
58303691
88854769
163108697
158535342
120077059
154543716
81933178
159496696
90640852
97417474
58765810
57694233
48641206
165661014
68556226
2791348
94876189
19631679
40721875
415918363
21772838
69748806
156042124
72344266
52215589
21672939
91302707
17256590
23152323
17345223
96540810
77552707
95210402
30118316
56338476
110584391
201104057
146147992
68550441
99141935
268486207
83757804
110446844
34905622
24135832
76251826
55156871
82073504
95011974
62712881
71417301
81420972
94673784
79110868
85040944
79984251
80261438
81601276
93334906
142075409
115496587
79848209
94997453
94398161
109922573
125596489
21536544
68968979
76927804
93788811
298265037
48943957
105714790
96706604
391383190
122042062
285021340
40800308
36132724
48564252
169157748
112392972
201018683
125527403
98384572
125778494
75296833
115904576
44556469
13152531
21043164
116184016
148129143
86394896
67688850
263923968
19613542
78827654
70352847
46337788
76215805
65976940
80791951
65373403
107040076
57110349
47726797
101584238
43589503
159994864
334743806
59948196
160602279
117075519
117027823
17810823
48902778
93996923
50559652
17575316
14375190
75415163
104379939
94161536
116201890
8298987
101423819
381907715
31283636
153334918
220046826
216648976
83532011
102099689
289127616
264187302
113815399
29094022
51131322
139907285
188711791
93761405
282584404
106386130
69598237
22701918
21473390
12664873
45107603
35951404
195983361
95792919
73479603
119627790
73482646
106120233
74818815
118392397
77763425
117415139
124970002
71876638
64225407
51916868
162780832
153887953
111407432
71474933
232191911
66909899
47581778
43563194
21673868
303096253
196026431
250976010
174381891
109530943
71093846
65052980
264894779
53094062
40704350
31768514
66879726
117403675
367325199
245916074
53266139
86599554
76161937
111784243
50786098
201458091
43256426
57139102
34598403
206456491
95458843
86657368
134891203
144332477
116847460
114185334
242919800
376259658
93163868
124858471
193229071
127517920
108746683
92823423
126448237
92405032
304690625
179503148
90488721
220450297
293613333
227179990
201717913
94665163
150409918
92384782
38938407
74110841
157054235
77561581
100012743
88274365
36671339
103485855
71943929
109217849
50532900
147621953
144753254
148300964
161897833
109306904
50600863
121135922
112412232
36157591
65212671
75674768
209368762
103015070
123009362
143864579
55792629
74473078
57876224
149068777
133955090
95671646
111376473
46628273
65904967
115239371
148460842
101658003
59546304
31741408
56356706
92682447
46198557
246030080
108595636
279740841
162266250
548446
150958072
246241699
109969992
162279822
83271262
27365380
32752005
19802746
107740759
39811079
58085756
44607610
49154184
162994915
33487855
68547875
151424293
48434385
13259880
35359955
19382879
109383955
46184935
87226922
81634076
33011942
72029787
104188467
67509389
36983769
47677112
32430159
102819145
60759864
48820885
64414434
76653821
55875177
22479740
21743200
14847357
21312138
51820747
221179329
54113284
148893519
83697037
153446759
281340080
49801570
311012657
97963976
73671133
18492045
86448162
19579914
25441508
158532343
40317558
72021559
75539227
35418761
136199498
305648514
35738454
54044585
40811270
112325614
132114564
141993206
130509876
93174955
123584572
128274530
213066278
66344322
62879057
105506740
84136445
48878697
326946609
145259350
101016251
90663170
172615852
110046792
113962241
53809858
102689445
50489089
403496146
51885525
68413497
104332958
112397223
178721751
133717810
101198992
90545878
81604054
126478948
63350161
58611030
80539851
133411657
41171625
56278699
89613614
18177018
203082829
152536260
134431886
75805398
53669474
41784492
226020742
99889372
40675559
44431161
19595186
90802768
84032604
75356542
96171462
130228414
87447705
100696879
71651993
103455582
107273802
89491644
67375557
299756132
110216866
132750381
15069510
64113470
35023956
93474326
46756447
72110506
145901983
68271240
62437959
78198825
95131208
86453234
51658450
52218372
272969363
139230304
109927529
133376841
68232618
149814077
16247169
77641192
97793637
70004926
22156258
16691428
34579156
24248419
16222895
123589166
290644788
85287935
96887394
81730831
107583634
47128883
61661161
126038950
302951665
157244445
325645504
158813517
48778459
103429785
59345600
65252036
122765582
118741777
141000322
121747014
260150521
60295546
361514427
82283573
147236722
86438312
110438843
138751361
130097206
99304218
142845306
370316163
203787151
82917188
164768889
57047271
19234428
74857371
53652842
234876564
5768798
73891624
226000794
98632034
90467840
8294053
87947354
66383040
53139183
130491328
140771195
8153804
223421712
139612350
102167782
419644992
84958232
27790087
42341942
162308432
100658687
50471040
23496331
16898374
92027632
125384702
166092032
226694624
142587877
164248861
374578492
97432383
254231917
190893392
134784628
128423323
79574769
244125244
42681928
50626143
80578158
83036453
304331030
144107489
52818929
97805064
27965849
444281513
317779540
107984035
115759222
93543983
103934343
100498112
142051706
131648824
145407288
144089985
88181577
70803356
51994692
107886587
154740303
179828543
86438430
95475949
137633025
43043282
74698721
86981224
65531286
88404629
82367007
98654734
79449949
58270024
163003721
91864031
134176433
116834722
155899512
82019369
208019593
188267210
161628058
103242903
97738515
172229938
202303559
79571787
78888506
276890278
97284839
91914961
82120552
161834716
135964076
252114220
145092877
47896737
88389416
18737287
409741256
21431490
110192374
48332125
101333107
253186880
105287062
152251624
96629246
75591343
81925922
95823134
102940991
118400381
51833005
120206372
76901413
48769720
114213171
139583485
320502889
104355711
104172832
53853816
130274053
25032615
153132186
119151751
240735021
320811310
155920929
83137235
183410611
116134473
114702034
59306435
68525238
50108198
81069060
113863015
173354318
100053262
207937165
126760521
160403617
153315904
246078673
75759388
294819014
44155866
284088152
41723004
118888112
73724701
63376182
86206051
79558507
74796772
97216275
118683115
120316866
98733958
159450507
225580991
41724281
116770154
116510750
59226604
71808426
162798520
342504024
96409593
157068584
122559985
118273356
144052250
264416102
76653780
88003102
280949626
98169600
106022917
106191980
61059482
129069672
111548051
103146921
176359515
120728160
58305699
168942053
163202996
58787535
146617756
70437945
36533044
78030087
168156804
101493308
77174289
265805063
48056557
129768032
157975042
17593400
262833734
163047558
194101836
174285164
162832937
264606353
263528109
65135361
164017222
109532835
146019524
180972113
61985381
89012658
218325150
214525695
64399465
49517380
124293259
40627939
51607029
98665631
202776150
86178870
82393555
193223503
201980367
160101404
136555511
194986152
111860692
96228374
97556067
136169844
101868216
109615132
127812435
141922271
134455250
163195654
89148027
104926671
68921672
149567852
38057468
116626540
74084399
205471889
95768935
107872662
92185142
158572350
23512396
92247487
86327295
100838978
102819594
103946127
105494091
58399534
105670266
161980765
96935705
144026869
153673188
94079614
130833760
121157584
107244329
150784110
171030597
100149509
172269862
107946063
115818083
87445742
177575176
51516387
109461069
107947341
132475869
136268538
79442183
107731530
233870281
78130397
22234455
10709582
117703467
83062648
104180678
156627876
190096747
140251776
291725669
318435382
89473008
190938133
140054171
265816385
266703602
79461021
88731531
89008419
74465097
65557352
101529923
152156126
66271473
115176108
116582328
178132262
112063190
78943801
116887778
73137167
75282223
63007330
229962064
79446349
158629259
341436722
67099669
97417472
100135103
183141405
224037692
167381344
36071919
85280679
154007034
115484488
114469316
161982049
58947260
128940097
43668735
123734706
152992013
51668141
143375958
243196007
32273911
61489646
105782777
142154445
123678837
244130110
65186103
99509002
95182581
38136881
330975159
94094869
53962747
453107778
132772075
150773442
89559477
366064221
50477449
116777960
132266666
136661829
52176520
103636187
107209762
56447788
117259869
80007358
133897282
273642731
175912899
91758686
116424276
82714435
146220262
303301177
263263629
84084628
20158193
64280871
55355236
134920258
88267825
55181456
154820557
131478701
70802512
54382198
133921584
210697453
63409427
409110340
61853161
116317348
142822781
73246544
131277712
25167910
256710198
172473532
263589300
217877584
97088586
346550683
101751040
96960452
130148450
155949560
347648735
149488707
132905880
370417891
84295436
152447780
48115589
110434068
96022733
268031399
242293040
38136996
20327397
65751799
128141237
187386818
112924728
137457637
152536253
110487704
101665383
124031720
188430020
100558312
58907383
289123163
65210535
118086988
209717403
202357008
115351852
218025060
164423289
414863710
98998812
267910191
114466992
143918923
188028211
137373474
97919166
190512197
84925603
88418679
141521959
129375932
85173124
86877008
47268624
175874981
141769189
78385923
169793303
79302298
76019517
117639841
96433719
121861055
137235819
138382069
121055477
119081360
164450725
90694452
239619123
94688804
232610767
95075557
262075732
220377979
274413823
61863180
48637811
88837161
266013196
137820171
118205672
132484109
271794809
110298645
116019598
32104067
164242883
149261976
191547460
189442839
166604332
281248968
98716531
115627330
132138808
144926216
108168877
79716292
49955964
80705842
53152529
78382538
140600156
107470606
152411541
111900592
142569209
191131692
53393859
212996499
69826373
84579957
87102570
93262610
101458793
81770911
97939000
209937771
93733728
217293156
65356958
219680290
174873233
136717097
81296428
274343071
258979793
185394673
431334391
63887706
80316137
92807840
97380567
209760456
97479399
251501785
309895151
92158323
149645560
76011034
192543970
183794550
104432564
80907926
49997613
111213929
142408550
191576374
139789504
80068274
143887096
264291724
327196725
92763378
101564675
372567011
283247930
245918803
216218713
198942475
72617215
219725045
74660174
271607165
154854592
119237697
86491755
190840673
152692837
96627263
150523741
83689152
140702637
352849161
148315534
153839028
223463252
176393136
233401817
151502798
56348989
69467577
268131136
162505276
293928831
244078467
52081116
123775969
90542369
166882837
208825261
116652310
200928380
152887077
115609629
207314963
206528479
204495547
159708540
224990938
122965462
161252342
58078379
58577526
237024771
228038481
99305011
54980381
98846200
264541917
265371782
99314139
94185304
261862508
133522321
259151955
58931411
246612845
172988386
71996163
119393087
307241199
208491237
231430515
145869092
134216737
266257259
135390624
156826241
135297426
106615227
112720440
255155762
193054201
179968104
100359625
64040497
262833118
194689647
215221279
139855472
92218763
130431565
94175699
89113317
83564928
226065766
195803623
174325926
325817855
363581275
131905648
172443533
103359654
