243546335
3056094
5625
3880513
462292
13301038
70867540
220163
35640229
557980
43903882
8295205
1607357
8414118
237159
1207300
1276752
8224923
12226786
14812631
103955573
10187082
2504175
8713206
1532364
1643317
19000970
1451352
23509696
23100405
34262857
23338716
31810895
46560339
49533308
343078060
39791871
72343657
7833168
9852918
715524
597879
31052073
9603889
1661758
2541284
8780895
734934
3955647
26742634
1714160
11205780
2540368
24530655
7363211
44416666
40214070
7166430
33925906
1474943
1272424
506402
747698
38366638
5187096
602604
28061676
3604157
1383170
391150
30337170
23404839
3228505
11061773
13584262
49596056
45360221
9686495
44591594
32958241
5569059
25381487
32754312
38460192
2255947
44218803
21737266
33351424
24593360
18193978
7855340
20461647
33098622
36040894
45431898
11855195
42685034
33077561
26820798
32197913
37191958
15920530
32198196
13905184
2609642
39509091
46641250
34605683
38679620
10114077
12601374
41718185
42574339
26951178
35810174
11572519
44099607
8862593
30329296
35256589
8507859
123732482
41523595
19872456
71995937
30384844
23088740
19245530
30367587
38307428
43695474
32215970
19189072
32787174
39222730
9118893
35312458
540542
5558246
10932532
65305851
8685986
6511544
20312497
478584
1701968
15246993
86200109
42455934
273513411
159836619
178385219
264673536
77452964
294893525
97163387
144657615
164329087
100559691
94367677
264838215
65233633
165449809
245673761
163508735
208362715
172351720
167499594
105412971
102443810
115720575
229697534
123142926
35159920
29028775
262098081
257727007
259692009
112321084
132704094
443840726
85095608
491235501
15353515
180418592
39546089
161470791
132474914
49751298
42370929
239170384
129283183
17116619
105411913
190690177
233159045
99589191
75196241
245704608
245254578
11730342
97322780
92712882
65568646
104759650
4188772
41043749
3214406
85284135
57168287
115210754
145464445
107857950
2573058
2491877
35685034
34629135
39149031
88124214
51452356
18857427
45282726
22355214
40213252
16671126
56352157
38565895
40345658
40667593
47878060
40137508
12601393
23141830
38342221
88395009
89012427
45942274
10270250
43060239
41187219
15259244
274495425
56373404
58011499
32948863
32247847
4696595
38588153
71446428
15115183
5830987
8812799
3678731
1223029
8936633
60807171
9795883
9996255
11551538
5932749
19428677
6853358
42185437
4576305
24239833
15062869
48387914
7137656
81787426
40642494
70777180
92732386
95573967
127936674
20306754
50586840
2030956
58734906
36730484
54173593
72683282
146876013
67274736
122874170
59243976
88717215
22011872
36353527
92395844
10999165
142598531
37246537
71293321
5972219
41706878
113158574
86091609
19117456
13034860
17486281
9037631
133851398
78098200
143295925
18351848
89751984
71939872
89562316
58210518
111245305
150027583
105528893
53731544
119006816
61412022
271828590
98315735
132557262
103633984
2163263
73330692
321740547
124299790
44111975
128237146
106324986
48325456
128018159
60492769
242754476
162494199
90379876
90115371
99822164
146386019
65411043
98789146
188391577
49235921
88367740
72378378
118230746
1490034
59098337
25528021
59700207
19852124
46273445
365263843
27480700
70620807
79723839
70107786
38558578
6121126
11667865
42188335
134804788
21779020
76485480
69495170
2442469
2436267
560495
1507818
6498492
102784450
79487641
41959825
21141243
958314
121204738
76657644
71487058
36535156
20636942
169718534
34519309
10851820
9060347
20929025
69712146
21457951
51867771
22483459
13142126
3180884
27193779
3790005
28538501
5351666
2994517
10875626
4814354
282364168
29031987
166045424
92112844
45319761
2791470
89729942
1800451
3750921
2304658
21737465
12213730
1403994
37205440
25131304
40508605
49640289
508894
194523292
55723051
61893399
162815665
17963140
82074611
8100370
75425073
73701576
30902026
34752974
77424415
106809903
43980160
86802970
119009165
50521757
127546642
50907072
194513266
52541340
125596027
236229055
893522
13945143
8594752
19463075
32605857
62367558
18840003
39013909
31764022
60537144
25670446
97698189
17811771
57070925
37627792
36749153
127283648
34452619
70153011
48626335
269690482
66855798
91468246
49648180
88184556
100346588
129187487
123736899
79750220
100715803
72152993
134598900
91539003
35356641
270352062
69088184
261705469
92657585
150362843
34452195
48921934
48531033
51622074
72311680
59068585
36116052
667171
59401737
26704639
30652354
15645447
1186030
790359
52113921
1527521
84880847
52180131
56515832
16231859
116052359
123197392
80806976
6377918
2743221
126347767
43512506
34586916
86756976
73579268
38034368
5371784
62260083
7612484
12761192
11167738
7739877
1357199
10045915
4676086
91681821
26149893
43441403
12895517
9507628
54435333
83591638
220743488
131516741
216243012
69168304
153246329
169290461
47118129
103508922
74260508
55218353
62500776
74694970
186057844
215322499
61990007
153616332
84959433
217751817
53072654
75907199
90008498
75735736
75092644
126184549
114928551
173827642
6988020
31795422
99401299
113777433
40622268
42720310
43899983
33366494
198009735
17135280
24560307
82289483
34680602
78452015
52283973
33789762
140996605
7632747
5923215
257041046
128193054
111979372
54360307
52071471
34021217
17945902
40938234
47475908
51954402
50224698
4090287
49973176
21069494
38612733
50151075
8883822
221981891
3674459
22794601
48394154
54614463
62104779
19304846
36029706
68540295
122467645
132629580
116960924
84669547
104373067
100361775
102035444
81411844
70107411
84319957
334176717
65889120
135331570
68451869
57243275
83702103
44568579
62558686
60439154
67481022
107168226
70338416
82801128
28550902
111217366
67962648
10195075
120625203
55913375
113411329
49362717
98172612
48396450
56075989
115809647
86714667
107909361
97844692
119620143
126892976
108748112
99098761
82123908
79069097
109895452
88658256
93592438
75578285
78905501
54734381
76814575
101765711
110005259
91723897
28671602
177071285
90286999
43790903
18308864
31936600
24746012
40806530
59213581
40511756
59114705
8328202
53622990
49520328
49958070
44138456
10353211
40013435
63537249
97327825
61364083
67319583
48305706
77713683
70318490
62710418
70687936
87927675
36094164
89006938
53134541
101593337
56788834
42352955
35597922
76919786
63648533
23683454
104133653
17966455
32664076
10435502
124257233
15242752
42784096
24679262
124269570
51375640
130656750
60691936
42033086
22968365
73291252
80317682
23515024
143078055
274944042
329028312
227978903
6135596
10855300
38934449
21306213
49016322
5283193
36943082
45360814
16414857
41199577
66712801
53832745
57164561
26101295
3655872
27653361
38579767
40008106
38539559
38290898
59649430
10930707
327628682
29531928
36226917
32507275
40642004
36078769
94911145
35299242
25121561
14105478
36633489
46404395
44453199
24973735
112248999
128907699
24034567
29094380
38903992
52304362
24268127
47495360
34835080
70210509
90796663
37743219
47292486
36533263
37787433
47977171
172099953
41585934
58948916
7530048
154051159
158087130
2876698
94892428
89225374
18469325
21124822
128096799
165670309
18444852
32307472
46072466
84476389
12325544
85296224
1569980
1541957
22611803
80016159
43559489
19105307
31598574
15783148
13003323
19896256
43486047
90276836
84742532
55428169
73803666
62821784
64202317
86848636
15116946
89963070
52266845
43512914
53200211
91910913
78948861
128066921
70497892
83967466
78943871
82948342
76790473
73967441
106524960
106327778
74874368
78194012
78718184
80455431
79678073
76760815
87439989
83205876
70233312
152200216
99743144
227475713
104361382
89644558
101977153
124470321
280813836
255535907
58115472
41881900
30165704
83543333
279590582
158504684
207645083
116837483
99761907
23266209
52773157
18783215
37609745
364474335
227654041
162463844
16246629
11616000
199345967
128744971
70974139
117152902
15886008
121494170
97627474
76666208
101884179
92876031
158882433
38968932
23085406
124957167
73905593
13404018
89659676
88292809
34562465
221807330
16068975
103071620
230353730
84318409
23452965
66208923
156968527
45659211
105227249
1012745
266461019
40772809
150817942
71482980
40804661
16022488
65134909
56356468
60405378
86057635
4197885
107422373
146468829
21918925
44207099
48332249
91565152
108792746
72979287
28951059
133092972
23614403
67813157
92142747
48552433
159876616
63109541
56087776
119609583
16812547
40053602
172521926
111328662
195558780
24132557
58462216
349164988
22712635
22393506
56899284
34092783
140891108
63396077
132634471
145422226
30476886
22782106
44455683
55836470
246158784
98375351
59647030
94061307
61603008
25255619
52711971
43266051
95572470
112016784
23593647
77722971
89514854
57211422
102623247
2296970
16747886
75538424
23605815
17827449
65848095
131533028
57965762
261279710
17302012
271918885
63537564
22848975
71526722
280279657
180328715
55904598
100404818
93915817
284307975
20495349
96451164
28703418
86950957
192925833
26115910
37953959
52221518
97334728
52715121
66722564
52085447
46180504
24278976
17005330
86840811
33887253
281920861
307126625
45373657
118732469
167535216
24195339
135268839
238514517
132330004
70642405
60906885
43964563
45307461
48126484
66561810
61670221
44948282
1198539
29108449
36624476
34658606
241567412
106380954
15340089
99278592
219276883
29228740
224295067
231309416
69590701
35015575
135372245
121910256
85286086
112536905
72602759
107621517
63226588
135390590
36310978
295834617
245330608
189497575
56363563
21578497
90549609
116274692
118626461
144311339
55075078
21088356
32215253
111756715
15107725
59652928
59423305
50390586
69530328
279345933
32222363
130965341
19382828
171170162
147386981
42327909
104781949
3721224
135614069
185058464
163888776
44812159
20964133
141324769
109272361
65580344
87180009
166779907
171999885
166806384
139347555
10178287
41783992
37212254
86777943
25914871
25116836
8961528
20489533
19663683
31499710
80741549
117923759
28566095
89053626
60322697
92109790
255932763
252901763
225157643
116414510
21078071
74707723
71109869
63965783
60117259
90312643
138085250
58303691
52315420
154543716
159496696
97417474
81933178
158535342
90640852
88854769
163108697
120077059
165661014
68556226
57694233
48641206
58765810
94876189
19631679
2791348
40721875
21772838
69748806
415918363
156042124
52215589
72344266
21672939
23152323
91302707
17256590
17345223
77552707
96540810
95210402
30118316
56338476
110584391
146147992
201104057
68550441
99141935
268486207
83757804
34905622
24135832
76251826
110446844
142075409
80261438
93334906
94398161
62712881
81420972
71417301
109922573
79984251
79110868
95011974
55156871
79848209
94997453
81601276
85040944
82073504
94673784
115496587
125596489
21536544
68968979
105714790
76927804
48943957
93788811
298265037
122042062
285021340
96706604
391383190
40800308
36132724
169157748
201018683
112392972
48564252
125778494
75296833
125527403
115904576
98384572
44556469
13152531
21043164
116184016
148129143
86394896
67688850
263923968
19613542
65976940
70352847
46337788
78827654
80791951
65373403
76215805
160602279
59948196
101584238
159994864
57110349
117075519
47726797
43589503
107040076
334743806
117027823
48902778
17810823
50559652
93996923
17575316
14375190
75415163
104379939
116201890
94161536
381907715
8298987
101423819
31283636
102099689
264187302
216648976
220046826
113815399
83532011
289127616
153334918
29094022
188711791
51131322
139907285
69598237
93761405
282584404
106386130
12664873
22701918
45107603
21473390
35951404
119627790
73479603
95792919
73482646
195983361
106120233
74818815
118392397
124970002
71876638
117415139
77763425
64225407
51916868
162780832
71474933
153887953
111407432
232191911
66909899
47581778
43563194
21673868
303096253
196026431
250976010
109530943
264894779
174381891
53094062
71093846
65052980
31768514
117403675
40704350
66879726
245916074
367325199
53266139
76161937
86599554
111784243
50786098
201458091
57139102
43256426
34598403
206456491
95458843
114185334
86657368
124858471
376259658
127517920
242919800
93163868
116847460
134891203
108746683
144332477
92823423
193229071
92405032
126448237
227179990
293613333
179503148
220450297
201717913
304690625
90488721
94665163
112412232
75674768
148460842
92384782
65212671
103015070
161897833
59546304
101658003
148300964
143864579
95671646
74473078
55792629
74110841
109217849
65904967
36157591
57876224
36671339
144753254
150409918
88274365
209368762
121135922
149068777
147621953
103485855
133955090
50532900
46628273
115239371
100012743
111376473
38938407
123009362
50600863
77561581
109306904
157054235
71943929
56356706
31741408
92682447
46198557
279740841
162266250
548446
246030080
108595636
150958072
109969992
162279822
246241699
83271262
27365380
107740759
19802746
32752005
48434385
68547875
44607610
19382879
151424293
58085756
162994915
13259880
49154184
46184935
35359955
33487855
109383955
39811079
87226922
81634076
67509389
33011942
104188467
36983769
32430159
47677112
72029787
60759864
102819145
48820885
64414434
76653821
55875177
51820747
14847357
21743200
22479740
21312138
221179329
83697037
148893519
54113284
153446759
281340080
49801570
73671133
86448162
311012657
18492045
97963976
19579914
25441508
158532343
72021559
40317558
75539227
35418761
305648514
136199498
35738454
54044585
40811270
141993206
112325614
132114564
93174955
66344322
48878697
123584572
128274530
326946609
105506740
213066278
62879057
84136445
145259350
101016251
130509876
90663170
172615852
403496146
113962241
50489089
102689445
53809858
110046792
51885525
68413497
104332958
112397223
133717810
178721751
101198992
90545878
58611030
63350161
81604054
80539851
133411657
126478948
41171625
89613614
56278699
18177018
203082829
152536260
134431886
75805398
41784492
99889372
40675559
226020742
53669474
44431161
90802768
19595186
96171462
75356542
84032604
130228414
100696879
71651993
87447705
89491644
103455582
107273802
67375557
299756132
15069510
132750381
110216866
64113470
93474326
35023956
46756447
72110506
145901983
78198825
62437959
68271240
51658450
86453234
95131208
52218372
272969363
139230304
109927529
133376841
149814077
68232618
16247169
77641192
97793637
70004926
22156258
24248419
16691428
34579156
16222895
123589166
85287935
96887394
290644788
81730831
107583634
47128883
61661161
157244445
302951665
126038950
325645504
158813517
48778459
103429785
65252036
59345600
141000322
118741777
122765582
121747014
260150521
60295546
361514427
147236722
130097206
138751361
82917188
82283573
203787151
110438843
99304218
86438312
164768889
142845306
370316163
57047271
19234428
74857371
53652842
234876564
5768798
73891624
226000794
90467840
98632034
8294053
87947354
66383040
102167782
139612350
8153804
140771195
130491328
223421712
53139183
419644992
84958232
27790087
42341942
162308432
50471040
100658687
23496331
16898374
166092032
92027632
226694624
125384702
134784628
142587877
374578492
254231917
97432383
190893392
128423323
164248861
79574769
244125244
42681928
50626143
80578158
304331030
83036453
52818929
144107489
97805064
27965849
317779540
444281513
107984035
115759222
144089985
142051706
103934343
88181577
145407288
100498112
131648824
93543983
70803356
51994692
107886587
154740303
179828543
95475949
86438430
137633025
74698721
43043282
88404629
65531286
86981224
82367007
98654734
155899512
79449949
82019369
91864031
58270024
208019593
116834722
134176433
163003721
188267210
161628058
103242903
172229938
97738515
202303559
79571787
78888506
276890278
97284839
91914961
135964076
82120552
161834716
252114220
145092877
47896737
409741256
21431490
88389416
18737287
110192374
48332125
101333107
253186880
105287062
152251624
81925922
96629246
75591343
95823134
102940991
120206372
76901413
51833005
48769720
118400381
114213171
139583485
320502889
104355711
104172832
130274053
53853816
25032615
153132186
240735021
119151751
155920929
320811310
83137235
116134473
183410611
114702034
59306435
68525238
50108198
81069060
173354318
207937165
113863015
100053262
160403617
126760521
246078673
75759388
153315904
294819014
44155866
284088152
41723004
63376182
73724701
118888112
74796772
86206051
79558507
97216275
118683115
120316866
225580991
159450507
98733958
41724281
116770154
116510750
59226604
162798520
342504024
71808426
157068584
264416102
88003102
76653780
280949626
122559985
144052250
118273356
96409593
98169600
106191980
106022917
61059482
129069672
111548051
103146921
176359515
120728160
58305699
163202996
168942053
70437945
146617756
58787535
36533044
78030087
168156804
101493308
77174289
265805063
48056557
129768032
157975042
17593400
262833734
146019524
263528109
164017222
109532835
174285164
180972113
65135361
163047558
264606353
162832937
194101836
61985381
89012658
214525695
218325150
64399465
49517380
124293259
40627939
51607029
202776150
98665631
86178870
82393555
160101404
193223503
201980367
136555511
194986152
97556067
68921672
163195654
96228374
141922271
101868216
111860692
104926671
127812435
136169844
134455250
89148027
109615132
149567852
38057468
96935705
92185142
205471889
92247487
130833760
153673188
58399534
105494091
95768935
51516387
121157584
172269862
158572350
107946063
100149509
161980765
87445742
102819594
105670266
177575176
86327295
150784110
109461069
107947341
144026869
107872662
100838978
74084399
94079614
115818083
38576623
103946127
23512396
171030597
107244329
116626540
132475869
136268538
79442183
107731530
233870281
78130397
22234455
10709582
117703467
83062648
156627876
104180678
190096747
318435382
140251776
291725669
89473008
190938133
140054171
265816385
266703602
79461021
88731531
89008419
74465097
65557352
101529923
152156126
66271473
116582328
178132262
115176108
112063190
116887778
78943801
73137167
75282223
63007330
229962064
79446349
158629259
67099669
341436722
97417472
100135103
183141405
224037692
167381344
36071919
85280679
154007034
115484488
114469316
161982049
58947260
128940097
43668735
123734706
152992013
51668141
243196007
143375958
32273911
61489646
105782777
142154445
123678837
95182581
99509002
65186103
244130110
38136881
330975159
53962747
94094869
453107778
132772075
150773442
366064221
89559477
50477449
116777960
132266666
136661829
52176520
103636187
56447788
107209762
117259869
80007358
133897282
175912899
273642731
91758686
116424276
146220262
82714435
263263629
303301177
84084628
20158193
64280871
55355236
134920258
88267825
55181456
154820557
131478701
70802512
54382198
133921584
210697453
63409427
409110340
61853161
116317348
142822781
73246544
131277712
25167910
172473532
256710198
263589300
347648735
346550683
152447780
101751040
149488707
130148450
97088586
217877584
155949560
370417891
84295436
96960452
132905880
48115589
96022733
110434068
268031399
242293040
38136996
20327397
65751799
128141237
187386818
112924728
137457637
152536253
110487704
101665383
124031720
188430020
100558312
58907383
289123163
65210535
118086988
98998812
209717403
267910191
414863710
202357008
164423289
115351852
218025060
114466992
188028211
143918923
84925603
137373474
190512197
97919166
88418679
141521959
129375932
85173124
86877008
47268624
141769189
175874981
78385923
169793303
79302298
96433719
119081360
121861055
121055477
137235819
117639841
138382069
76019517
164450725
90694452
239619123
94688804
232610767
95075557
262075732
220377979
274413823
61863180
48637811
88837161
266013196
137820171
132484109
118205672
271794809
110298645
116019598
32104067
164242883
166604332
189442839
149261976
191547460
281248968
115627330
98716531
132138808
144926216
108168877
79716292
49955964
53152529
80705842
78382538
140600156
107470606
152411541
111900592
142569209
191131692
53393859
212996499
69826373
84579957
87102570
93262610
101458793
81770911
97939000
209937771
93733728
217293156
65356958
219680290
174873233
136717097
81296428
274343071
258979793
185394673
431334391
63887706
80316137
92807840
97380567
209760456
97479399
251501785
309895151
92158323
149645560
76011034
192543970
183794550
104432564
80907926
49997613
111213929
142408550
191576374
139789504
80068274
143887096
264291724
327196725
92763378
101564675
372567011
283247930
245918803
198942475
216218713
72617215
219725045
271607165
74660174
154854592
86491755
152692837
119237697
190840673
96627263
150523741
83689152
140702637
352849161
148315534
153839028
223463252
176393136
233401817
151502798
56348989
69467577
162505276
268131136
293928831
244078467
123775969
90542369
52081116
166882837
208825261
116652310
200928380
152887077
115609629
159708540
224990938
204495547
206528479
122965462
207314963
161252342
58577526
58078379
237024771
228038481
99305011
54980381
98846200
264541917
265371782
99314139
94185304
261862508
133522321
259151955
58931411
246612845
172988386
71996163
119393087
307241199
208491237
231430515
145869092
134216737
266257259
135390624
156826241
135297426
106615227
179968104
112720440
255155762
193054201
100359625
64040497
262833118
194689647
215221279
139855472
92218763
130431565
94175699
89113317
83564928
226065766
195803623
174325926
325817855
363581275
131905648
172443533
103359654
